
Confusion Matrix
TP: 102626
TN: 75020
FP: 10905
FN: 11434

Accuracy: 0.8882966222466685
Precision: 0.9039469396023994
Recall: 0.8997545151674557
F1 Score: 0.9018458550645676
AUC: 0.9656969957621495
